input
	{
	alpha = 6
	k = 5
	a1 = 0.88702819387199
	b1 = 0.00523767113072
	a2 = 0.10644662592425
	b2 = 0.08503406984925
	a3 = 0.00661421048566
	b3 = 0.29366606073492
	a4 = -0.00051048854228
	b4 = 0.46917809597477
	a5 = 0.00042145826036
	b5 = 0.53288369402628
	}
