input
	{
	alpha = 6
	k = 4
	a1 = 0.91536390920541
	b1 = 0.00631310811076
	a2 = 0.08079639935211
	b2 = 0.10629954741278
	a3 = 0.00355645347410
	b3 = 0.31283087732750
	a4 = 0.00028323796905
	b4 = 0.51198171448846
	}
