input
	{
	alpha = 3
	k = 8
	a1 = 0.50532646773630
	b1 = 0.01994188544713
	a2 = 0.32992996109218
	b2 = 0.14304065394534
	a3 = 0.12471047215336
	b3 = 0.34878129748025
	a4 = 0.03289548856372
	b4 = 0.56982806639670
	a5 = 0.00623524524300
	b5 = 0.75240321519098
	a6 = 0.00082986014450
	b6 = 0.87684276736830
	a7 = 0.00006987548446
	b7 = 0.94914042945927
	a8 = 0.00000262958247
	b8 = 0.98496915068602
	}
