input
	{
	alpha = 3
	k = 6
	a1 = 0.58101795010422
	b1 = 0.02615489114376
	a2 = 0.31540127585074
	b2 = 0.18858170110196
	a3 = 0.08759144280778
	b3 = 0.44532597886983
	a4 = 0.01456309027630
	b4 = 0.69208757966970
	a5 = 0.00137279271641
	b5 = 0.86515611104921
	a6 = 0.00005344824146
	b6 = 0.95926441868757
	}
