input
	{
	alpha = 6
	k = 3
	a1 = 0.92862576195778
	b1 = 0.00688328063553
	a2 = 0.06980868367010
	b2 = 0.12288741316486
	a3 = 0.00156555437201
	b3 = 0.41799874091057
	}
