input
	{
	alpha = 2
	k = 10
	a1 = 0.29877845606603
	b1 = 0.02957559188217
	a2 = 0.32893917919013
	b2 = 0.16956499906373
	a3 = 0.21064639383949
	b3 = 0.37603033065763
	a4 = 0.10166582441080
	b4 = 0.58059294223678
	a5 = 0.04046665139804
	b5 = 0.74262479723076
	a6 = 0.01391076878389
	b6 = 0.85377110060005
	a7 = 0.00420784861337
	b7 = 0.92284593778123
	a8 = 0.00111300550050
	b8 = 0.96279357612670
	a9 = 0.00024118382143
	b9 = 0.98465991193412
	a10 = 0.00003068837632
	b10 = 0.99580345808520
	}
