input
	{
	alpha = 2
	k = 8
	a1 = 0.37004708443357
	b1 = 0.03993927828432
	a2 = 0.35644949713325
	b2 = 0.22554426904187
	a3 = 0.18420412490062
	b3 = 0.47945664015286
	a4 = 0.06641914877360
	b4 = 0.70177382377181
	a5 = 0.01823708009588
	b5 = 0.85124104487603
	a6 = 0.00393252561348
	b6 = 0.93512664362957
	a7 = 0.00064673975288
	b7 = 0.97621027357102
	a8 = 0.00006379928318
	b8 = 0.99406564000174
	}
