input
	{
	alpha = 2
	k = 9
	a1 = 0.32703765117761
	b1 = 0.03351159198562
	a2 = 0.34285446658912
	b2 = 0.19140877168214
	a3 = 0.20253653805774
	b3 = 0.41864961384610
	a4 = 0.08707524553937
	b4 = 0.63412839748664
	a5 = 0.02970372393790
	b5 = 0.79430414508428
	a6 = 0.00838932615570
	b6 = 0.89539264379713
	a7 = 0.00198359533039
	b7 = 0.95212847079653
	a8 = 0.00037639739510
	b8 = 0.98128459638881
	a9 = 0.00004305581640
	b9 = 0.99506663787042
	}
