input
	{
	alpha = 3
	k = 7
	a1 = 0.54016414674267
	b1 = 0.02264793724365
	a2 = 0.32515381163752
	b2 = 0.16289814842636
	a3 = 0.10762204481896
	b3 = 0.39175110853949
	a4 = 0.02339628045202
	b4 = 0.62610520147340
	a5 = 0.00336088011967
	b5 = 0.80663608981560
	a6 = 0.00029191609921
	b6 = 0.91872165287397
	a7 = 0.00001092012974
	b7 = 0.97593787801582
	}
